1: 11 10 10 13 13 12 15 14 14 17 16 18 1 1 0 3 2 5 4 7 6 9 8 
2: 42 24 25 26 27 20 21 21 22 23 28 29 40 40 41 39 38 38 19 32 32 31 31 30 37 37 36 35 35 34 34 33 33 
3: 49 48 23 46 47 44 45 51 43 53 50 4 54 52 
4: 55 
5: 59 58 19 57 56 60 61 62 8 
6: 20 71 19 57 70 43 63 64 65 66 67 68 69 
7: 65 48 46 3 77 76 75 74 73 72 82 83 80 81 79 78 
8: 92 21 1 88 89 91 90 93 85 86 87 87 84 14 
9: 111 110 87 48 46 95 94 97 7 96 99 98 108 109 102 103 100 101 106 107 104 105 
10: 112 96 
11: 115 114 3 116 113 
12: 117 119 21 118 
13: 122 122 121 46 46 46 23 43 120 76 76 76 76 3 3 123 124 125 126 127 128 129 
14: 130 132 131 92 133 
15: 112 60 62 137 136 135 134 139 138 87 46 3 4 8 142 140 141 76 128 59 14 19 19 57 56 
16: 146 147 144 145 21 21 40 33 32 31 30 37 35 34 60 38 148 143 
17: 151 150 152 19 149 46 106 
18: 153 155 154 157 156 159 158 21 40 40 3 3 149 164 165 160 161 162 163 38 38 33 33 32 32 31 31 37 37 35 35 34 34 
19: 174 14 48 19 19 175 21 172 82 168 168 169 169 169 128 128 176 166 167 167 173 80 171 170 
20: 177 13 
21: 92 178 
22: 155 191 190 192 179 40 40 182 183 180 181 186 186 187 184 185 185 8 188 189 7 7 39 38 38 33 33 32 32 31 37 37 36 35 35 34 
23: 195 194 193 8 
24: 200 145 199 198 40 46 32 197 196 37 35 34 33 38 4 31 
25: 201 203 202 205 204 207 23 23 46 208 57 206 21 76 76 76 117 209 210 128 198 
26: 212 211 
27: 216 217 214 215 213 111 
28: 150 20 21 132 159 159 16 218 219 0 137 67 223 222 221 220 
29: 228 76 76 3 67 227 226 225 224 
30: 13 21 231 229 230 87 14 
31: 10 237 128 76 46 240 242 98 3 238 239 241 234 235 236 233 87 232 96 96 
32: 150 59 61 46 245 244 3 243 236 92 
33: 46 46 247 3 246 126 8 8 248 78 
34: 250 249 
35: 170 21 48 19 106 258 257 1 3 254 252 253 251 256 87 84 255 
36: 150 38 21 33 32 260 37 261 35 34 263 262 3 259 73 40 264 128 31 96 
37: 268 76 271 270 61 272 130 267 266 265 264 269 101 
38: 76 273 274 275 264 
39: 10 76 280 48 132 19 285 277 61 284 281 123 123 276 67 278 279 100 100 282 230 283 252 252 
40: 195 117 0 3 46 67 286 
41: 13 21 43 289 288 175 287 
42: 167 48 48 19 299 300 61 61 3 46 4 298 297 278 296 294 295 292 293 290 290 291 291 
43: 301 302 303 
44: 48 22 19 304 305 77 76 180 92 255 
45: 318 313 312 311 310 317 316 316 315 314 190 130 82 257 84 21 21 46 180 40 183 3 3 3 186 186 184 8 188 189 308 309 191 306 307 307 122 38 14 33 32 37 35 
46: 319 76 159 46 320 321 67 283 
47: 14 322 323 326 324 325 
48: 155 338 335 334 337 336 331 330 333 332 21 40 327 328 329 76 73 38 98 19 32 31 37 35 34 33 
49: 339 195 139 87 159 21 23 46 3 231 344 345 346 347 340 341 342 343 5 348 4 260 73 243 180 180 
50: 90 59 349 
51: 152 191 190 61 82 82 48 183 46 40 345 186 4 184 8 188 189 123 128 38 15 33 32 37 35 357 356 356 355 354 353 352 351 350 
52: 155 53 87 23 43 40 40 257 3 4 366 367 364 365 362 363 360 361 9 128 38 38 59 76 33 33 32 32 31 31 37 37 35 35 34 34 19 359 358 
53: 19 368 
54: 76 372 21 370 128 371 7 369 91 90 92 
55: 243 8 21 21 48 23 381 380 289 76 382 63 65 113 378 379 373 376 375 374 377 4 
56: 383 
57: 159 132 384 385 386 6 96 
58: 388 389 387 
59: 10 21 304 382 393 392 391 390 4 243 394 176 
60: 60 131 397 396 395 399 398 0 46 46 405 406 3 3 3 404 403 402 401 400 106 78 15 14 19 
61: 38 339 48 33 32 31 37 35 34 407 61 40 7 164 165 106 87 87 408 
62: 13 152 59 345 98 23 406 61 3 73 84 412 8 410 92 253 87 87 409 411 
63: 155 21 21 40 40 1 1 345 345 3 421 8 423 422 425 424 426 420 96 38 38 14 33 33 32 32 31 31 37 37 35 35 34 34 414 415 416 417 413 413 418 419 
64: 428 3 21 427 307 
65: 429 432 430 431 
66: 329 433 49 
67: 334 73 243 436 437 434 434 435 
68: 443 442 441 440 444 4 438 242 439 
69: 130 8 92 7 19 
70: 19 340 96 
71: 10 76 448 21 132 19 197 447 446 445 288 128 128 8 175 285 172 
72: 216 449 213 77 73 7 8 
73: 216 216 10 26 450 99 340 8 
74: 451 285 
75: 243 452 453 1 3 7 138 87 
76: 458 459 454 455 456 457 111 353 342 82 137 
77: 155 53 82 43 43 40 7 8 469 468 465 464 467 466 461 460 463 462 76 382 38 33 32 31 37 35 34 19 
78: 13 77 470 471 177 399 
79: 61 65 21 23 482 0 8 8 8 202 384 70 91 100 483 248 481 480 472 473 476 477 474 475 73 478 479 
80: 20 213 48 19 130 76 3 321 275 92 4 
81: 10 154 
82: 15 15 21 48 48 16 46 334 76 3 130 340 489 488 487 486 485 484 490 96 96 
83: 491 
84: 10 495 495 21 23 46 46 414 76 76 96 384 4 243 70 494 296 496 233 292 292 492 493 
85: 288 391 498 499 497 287 
86: 500 501 
87: 14 211 109 137 502 97 
88: 144 505 15 21 48 76 46 509 414 132 508 507 506 176 504 497 503 
89: 257 19 514 46 168 511 510 513 512 515 87 
90: 20 14 334 67 523 15 519 518 3 3 130 520 521 522 185 128 158 257 517 516 
91: 449 
92: 524 525 96 
93: 20 48 159 62 62 530 3 59 526 527 384 531 6 128 340 168 92 528 529 96 
94: 19 
95: 77 13 
96: 155 334 117 274 67 278 138 540 40 40 3 541 8 76 96 10 38 38 15 33 33 32 32 31 31 37 37 35 35 34 34 537 536 535 534 533 532 539 539 538 
97: 99 216 19 
98: 216 76 159 343 542 345 6 299 
99: 459 81 154 288 159 159 545 21 315 414 543 546 544 6 6 8 497 96 96 
100: 19 3 7 475 
101: 10 15 16 391 547 8 9 253 548 549 
102: 555 554 557 556 551 550 553 552 279 46 3 7 6 427 76 73 264 78 14 19 19 19 57 296 296 
103: 564 147 38 38 559 558 40 40 33 33 32 32 31 563 37 37 565 35 35 34 60 183 148 560 561 562 
104: 568 569 20 21 571 570 566 567 4 4 84 96 
105: 579 578 155 573 572 577 576 575 574 46 40 4 142 580 581 168 38 15 33 32 31 37 35 34 
106: 150 584 152 582 583 19 585 532 59 139 
107: 586 587 592 21 21 23 590 591 588 589 82 274 113 296 481 
108: 593 142 594 48 596 599 598 76 30 75 15 345 3 340 4 4 600 595 601 597 21 21 
109: 10 603 602 112 76 76 130 264 516 347 96 
110: 605 604 48 46 524 258 289 3 3 8 255 
111: 607 606 21 14 19 610 611 609 608 315 60 543 3 3 73 401 67 154 8 8 96 
112: 152 15 21 612 19 19 613 59 0 122 46 279 
113: 590 213 19 3 614 615 88 73 9 96 
114: 196 448 
115: 319 619 15 15 126 621 46 46 616 617 618 76 620 340 340 4 4 4 7 264 264 128 8 313 283 84 
116: 622 243 
117: 623 627 626 625 624 554 628 76 3 73 
118: 630 631 38 183 33 32 629 629 310 37 190 35 380 380 98 191 40 184 82 188 189 87 539 
119: 632 633 634 635 46 76 
120: 155 61 238 42 40 40 41 183 636 637 560 301 562 303 564 76 73 90 638 38 38 33 33 32 32 31 37 37 35 35 34 298 
121: 38 57 640 560 639 562 413 564 35 641 183 345 642 476 37 32 40 33 
122: 643 645 644 4 
123: 153 595 88 80 84 26 21 48 407 654 655 652 4 650 651 8 653 245 10 10 14 473 647 646 649 648 376 
124: 20 76 23 330 656 657 254 511 659 658 96 
125: 216 139 152 601 19 664 663 662 661 660 76 382 168 113 67 20 93 93 87 84 
126: 296 666 665 23 
127: 19 368 
128: 5 20 669 668 667 670 671 672 673 61 168 4 6 128 176 518 481 493 
129: 155 195 334 61 391 231 180 40 40 183 3 3 340 340 9 422 562 678 679 674 675 676 677 564 462 421 128 96 38 38 33 33 32 32 31 37 37 35 35 34 560 681 680 
130: 601 159 23 46 46 46 43 195 78 285 304 76 76 168 684 96 11 59 19 19 688 685 297 687 686 73 683 682 
131: 692 690 691 46 76 3 347 689 7 8 9 73 
132: 150 693 13 13 59 21 694 695 312 312 119 6 391 99 3 63 18 696 245 84 
133: 697 46 698 699 700 307 3 
134: 10 618 19 312 701 702 98 3 527 299 
135: 19 20 4 703 
136: 590 155 709 211 704 705 706 707 89 708 48 43 40 345 180 342 342 8 716 715 714 713 712 711 710 384 38 33 32 31 37 35 34 130 351 
137: 13 719 718 717 241 343 
138: 449 14 211 19 19 23 16 176 722 518 3 3 137 723 720 721 8 483 724 70 213 213 
139: 55 
140: 590 195 84 48 46 40 183 3 340 401 309 560 562 564 76 38 33 32 37 35 726 727 725 728 729 
141: 15 19 731 730 73 65 67 67 8 139 
142: 38 155 19 32 31 37 35 34 33 733 732 40 7 343 9 15 15 230 734 
143: 67 214 214 258 438 48 23 158 571 264 88 3 655 735 325 737 736 736 736 739 738 175 340 21 
144: 740 741 742 152 744 745 23 159 6 743 130 353 532 343 146 73 168 74 96 
145: 92 73 21 746 
146: 407 344 510 19 747 
147: 753 752 751 750 750 23 23 748 749 670 60 296 296 3 5 4 67 278 278 479 349 96 96 
148: 542 756 755 76 754 414 345 
149: 757 21 759 758 3 340 384 
150: 679 48 762 760 761 3 516 96 
151: 763 764 682 
152: 753 150 150 768 543 46 766 767 765 288 3 168 241 70 69 13 
153: 146 80 769 
154: 774 771 770 773 772 60 8 283 
155: 607 333 46 40 183 3 775 777 776 560 779 562 564 778 76 78 38 59 17 19 32 37 35 33 
156: 784 10 780 781 782 783 440 264 90 283 481 
157: 19 785 197 304 368 
158: 459 786 787 46 788 3 789 117 750 168 278 
159: 742 132 82 82 69 87 793 21 21 48 790 46 1 3 503 610 384 106 481 792 791 19 23 424 642 352 
160: 146 795 794 601 23 19 43 488 15 349 
161: 797 796 
162: 10 19 798 75 130 296 139 
163: 77 
164: 212 211 799 132 802 801 800 96 
165: 214 152 601 554 131 113 80 493 792 48 46 730 4 9 73 791 808 351 803 807 806 805 804 
166: 784 458 215 217 60 76 809 63 168 523 810 811 435 349 84 
167: 19 19 46 368 8 812 813 87 
168: 98 19 115 195 46 279 167 814 
169: 748 8 815 816 817 
170: 150 819 19 765 818 76 821 820 
171: 155 159 168 46 46 40 3 4 8 8 384 488 38 33 32 31 37 35 34 829 828 825 824 824 827 826 826 73 823 822 
172: 216 459 830 152 14 11 832 130 831 113 67 128 8 283 85 
173: 833 21 834 835 23 438 
174: 152 836 21 23 838 839 229 14 87 837 
175: 217 606 841 840 46 46 334 355 159 3 130 241 4 822 
176: 847 846 845 844 843 842 46 46 46 32 31 37 35 34 19 19 19 38 40 283 283 283 283 848 33 770 770 770 770 
177: 854 347 856 850 851 852 853 19 855 849 393 76 123 341 8 59 139 655 80 233 
178: 857 
179: 858 
180: 861 860 863 862 859 19 3 111 6 159 78 
181: 150 111 865 864 315 
182: 869 868 155 48 76 76 610 23 872 767 867 866 98 3 130 870 871 278 15 139 307 
183: 128 874 875 13 873 
184: 883 882 881 881 881 881 880 155 885 884 761 191 191 190 190 137 170 878 879 876 877 40 40 40 183 183 186 186 186 186 184 184 8 188 188 189 189 679 384 38 38 38 33 33 33 32 32 32 31 37 37 37 35 35 35 34 19 73 435 
185: 459 459 459 448 448 887 887 887 887 887 886 19 888 60 15 21 
186: 20 16 19 889 111 15 139 93 
187: 153 313 191 316 316 393 88 89 365 113 87 40 183 180 186 186 184 188 189 890 891 190 73 38 33 32 37 35 
188: 191 316 316 138 48 40 183 180 180 186 186 184 188 189 892 892 893 893 894 895 896 897 190 77 73 92 38 33 32 37 35 
189: 855 21 736 89 343 539 
190: 900 19 154 473 898 899 122 0 3 3 243 67 
191: 902 901 
192: 37 903 38 906 907 904 905 560 32 562 564 35 183 3 73 4 7 908 40 33 84 
193: 146 15 345 791 211 16 87 132 231 812 230 93 21 
194: 19 368 
195: 216 784 26 750 21 21 23 334 440 742 915 180 73 913 909 128 914 175 911 910 84 912 
196: 37 38 40 183 560 32 562 564 35 98 919 918 438 917 916 33 84 
197: 147 901 534 40 40 33 33 32 32 31 31 440 37 37 193 34 34 38 38 533 35 35 920 921 922 923 148 
198: 243 23 84 926 928 929 411 438 128 930 924 925 97 927 
199: 288 
200: 238 279 139 693 21 21 46 46 47 289 345 3 3 3 938 340 933 932 931 937 936 935 934 76 128 481 96 16 1 
201: 620 46 944 942 939 940 941 180 73 9 8 943 84 
202: 345 159 315 567 98 3 243 264 87 
203: 214 155 115 259 259 947 40 1 0 3 3 4 752 461 460 73 90 38 33 32 31 945 945 37 35 34 946 299 
204: 948 949 
205: 951 950 952 76 76 340 340 806 934 
206: 958 15 583 23 19 158 953 955 954 957 956 748 3 3 547 21 803 420 96 
207: 836 22 88 0 3 252 
208: 959 670 808 76 181 128 822 96 
209: 554 38 960 16 33 158 31 394 37 3 35 34 117 73 40 32 164 165 92 285 
210: 525 961 
211: 19 139 20 93 193 
212: 146 962 85 
213: 964 965 966 967 963 19 114 3 3 111 65 7 70 70 128 69 138 349 96 
214: 14 23 159 968 969 315 3 3 92 431 
215: 216 971 970 23 180 3 4 296 176 516 
216: 150 155 211 175 87 977 976 975 974 973 972 40 40 285 98 21 38 38 59 33 33 32 32 31 31 37 37 35 35 34 34 19 534 533 
217: 19 8 980 979 978 
218: 150 982 983 981 986 984 985 175 794 21 183 40 0 560 562 564 38 19 32 37 35 33 
219: 988 989 987 76 3 243 
220: 340 154 96 
221: 150 13 875 771 990 23 554 992 168 112 991 459 936 21 
222: 995 994 997 996 993 0 46 998 76 159 96 
223: 150 21 21 19 999 0 3 910 480 
224: 334 212 316 211 
225: 593 145 159 46 4 6 296 8 1005 1004 1003 1002 1001 1000 
226: 75 1006 117 21 431 
227: 1007 76 76 128 401 1008 
228: 833 21 21 1015 252 3 73 1009 70 70 506 506 69 1016 1014 1010 1011 1012 1013 
229: 150 76 542 132 3 1018 113 93 1017 806 
230: 150 21 19 19 863 114 3 3 63 368 70 128 138 349 96 
231: 1020 19 60 131 168 1019 73 166 96 
232: 96 178 
233: 250 
234: 1025 1024 38 1021 1023 1022 560 32 562 564 35 183 1026 168 37 175 40 33 
235: 1027 1027 21 1029 1028 9 658 
236: 21 46 130 168 1032 1033 1030 1031 139 376 
237: 390 67 87 3 40 183 1038 1039 4 8 1036 1037 1034 1035 1042 560 562 564 38 655 224 481 96 1043 10 1041 1040 1044 33 32 37 35 435 431 
238: 459 155 155 629 629 310 191 190 132 40 40 113 82 1050 183 46 979 0 3 184 14 188 189 380 380 122 96 38 38 1047 1046 1045 33 33 32 32 31 1048 37 37 35 35 34 1049 
239: 1051 1052 1053 1054 46 76 
240: 24 1055 1056 860 3 3 289 131 21 
241: 1057 76 46 334 196 465 3 7 253 
242: 150 1058 1059 46 159 4 6 1060 
243: 740 459 152 213 217 115 394 279 279 87 21 853 3 340 400 670 245 168 1061 1063 1062 296 806 
244: 4 1064 351 23 
245: 784 13 14 1065 1066 77 73 4 7 
246: 137 1067 67 69 253 87 22 23 1070 403 4 503 751 76 1069 1068 48 49 50 940 296 516 
247: 77 13 
248: 150 13 21 43 245 532 
249: 595 1072 1073 1071 4 128 
250: 1082 14 1078 1079 1076 1077 1074 1075 391 503 76 3 264 278 812 1080 87 87 1081 516 
251: 832 1086 1085 1084 1083 14 16 46 46 322 345 123 73 402 87 21 
252: 334 193 
253: 1087 693 449 606 155 14 46 158 1089 1088 1090 159 3 3 241 435 83 149 84 21 21 
254: 304 
255: 19 3 7 
256: 19 150 21 994 1091 
257: 623 1094 1092 1093 3 117 498 65 128 8 92 528 
258: 46 1095 111 96 
259: 1096 1097 59 59 3 3 98 117 92 92 1034 
260: 214 15 15 15 48 669 835 46 1101 1098 1099 462 599 655 1102 1100 67 67 279 14 
261: 129 1103 
262: 24 159 21 21 16 19 1080 391 1 543 543 3 1105 111 1104 242 370 548 224 69 
263: 10 304 1106 1107 168 175 
264: 19 449 16 
265: 38 1110 560 32 562 564 35 183 37 40 33 1108 1109 
266: 138 448 19 608 1111 1112 497 
267: 437 1113 1114 
268: 1 1116 407 0 3 3 1115 1117 67 137 
269: 900 19 76 76 46 46 47 47 1122 1123 1124 288 168 1121 1119 1118 1120 175 
270: 46 19 100 449 7 
271: 967 59 14 16 19 1125 1126 1 3 353 4 15 92 96 
272: 1128 3 1127 
273: 982 982 196 448 
274: 216 1129 20 14 19 19 1130 76 63 9 283 87 
275: 48 1133 1132 1131 1137 1136 1135 1134 76 76 73 82 806 
276: 1142 10 1139 1138 1143 600 459 302 302 400 1140 76 76 1141 67 293 287 96 96 
277: 1129 1146 1147 1144 1145 159 158 1148 1149 132 40 176 255 851 48 46 46 799 195 3 9 8 1151 1150 168 264 21 38 33 32 31 37 35 34 
278: 15 600 48 23 1155 158 16 1153 1152 168 1023 401 1154 1034 
279: 19 11 99 368 
280: 599 1157 1156 75 19 19 19 3 384 299 822 96 
281: 1160 594 747 158 131 67 1161 21 23 46 407 345 3 3 3 4 334 312 1159 1158 304 76 789 351 475 292 
282: 997 152 59 59 19 3 3 100 92 
283: 92 152 285 
284: 1164 1165 1166 1162 48 1163 952 345 168 9 167 
285: 217 1167 1021 450 193 195 46 475 
286: 146 
287: 10 13 771 1171 48 1170 1168 1169 77 76 390 113 435 84 1172 
288: 1174 1173 
289: 3 59 276 
290: 82 131 136 278 254 84 21 46 43 0 3 3 4 1177 1177 1176 1175 1179 1178 98 122 384 385 71 1180 73 
291: 450 133 16 
292: 10 10 450 1182 1183 1181 99 98 7 8 172 
293: 75 111 
294: 19 448 111 7 16 
295: 458 76 211 46 345 488 252 252 230 910 97 
296: 21 46 1184 1185 608 608 43 3 83 
297: 1188 76 19 158 1064 1186 315 1187 46 3 168 168 70 73 462 516 
298: 1190 606 339 48 1189 46 46 46 860 789 76 3 4 243 112 128 
299: 155 312 67 87 21 21 536 876 877 1193 1192 40 40 3 260 38 38 33 33 32 32 31 31 37 37 35 35 34 34 1191 535 
300: 152 59 19 19 748 441 1195 1194 333 76 532 67 20 92 349 
301: 155 158 1200 1197 276 67 601 1199 1198 21 22 40 40 1196 3 245 76 73 38 38 33 33 32 32 31 31 37 37 35 35 34 34 536 535 
302: 15 238 43 14 286 
303: 745 19 312 1201 799 1202 3 1203 67 9 497 529 
304: 77 1204 13 
305: 92 73 96 
306: 459 585 243 345 1205 18 18 1207 1206 76 181 7 8 152 1208 
307: 618 435 1209 1210 247 800 
308: 1212 1211 19 969 414 3 3 655 175 1034 822 
309: 1213 
310: 9 8 13 340 
311: 131 130 794 40 183 8 1216 1217 1214 1215 560 670 670 562 564 38 19 32 37 35 33 685 822 
312: 76 1080 46 23 1218 1219 1220 132 384 737 96 
313: 216 607 449 
314: 60 203 1223 1222 1221 19 77 46 168 243 80 282 822 
315: 1226 1225 1224 368 183 19 32 562 564 35 560 76 38 37 7 40 33 14 
316: 1227 499 1034 
317: 76 1228 111 14 85 
318: 1232 202 1230 1082 948 19 982 982 643 1229 403 76 3 353 136 117 343 128 340 399 69 1231 
319: 555 334 60 113 48 954 524 3 3 343 8 349 1234 1235 1236 771 1233 73 126 16 19 19 417 353 806 
320: 67 203 1219 679 1237 23 46 19 30 1238 391 76 3 3 2 73 299 296 296 22 180 516 
321: 8 167 48 
322: 214 1125 693 40 3 534 8 349 448 1239 38 19 32 31 30 37 35 34 1241 1240 724 1242 533 33 
323: 217 46 1190 954 799 1243 73 475 87 96 
324: 146 19 111 368 
325: 77 13 
326: 137 80 174 20 21 48 23 46 46 1 3 343 98 241 243 387 269 96 1245 1244 1247 1246 1249 1248 
327: 111 7 1250 
328: 750 43 243 1251 296 682 
329: 1252 
330: 15 518 61 1254 123 1253 512 815 
331: 365 516 19 1256 1257 96 1255 384 6 6 8 286 1258 255 
332: 308 1129 76 19 1261 1260 344 345 951 384 126 168 1259 96 
333: 10 20 21 1263 1262 45 1266 1265 1264 76 65 18 370 87 
334: 1268 836 0 76 404 1267 333 60 98 63 
335: 196 700 
336: 760 747 
337: 1077 77 76 825 8 503 
338: 313 759 
339: 1269 59 19 1271 730 1270 
340: 15 21 19 47 1272 122 397 384 
341: 15 19 1273 969 3 822 
342: 1274 
343: 414 997 59 1275 431 
344: 130 19 92 
345: 1278 38 40 33 32 31 37 1276 34 526 35 1277 
346: 1279 1281 1280 1283 10 19 1204 1282 407 131 20 139 96 255 
347: 1285 1284 607 1286 57 0 3 642 
348: 15 16 
349: 407 1287 1289 1288 1290 
350: 61 259 1293 543 40 289 183 4 1292 8 1291 1296 1294 1295 560 562 564 99 70 91 38 33 32 37 35 293 
351: 216 693 319 19 20 211 159 139 1298 456 257 46 3 1299 384 93 93 96 1297 87 26 
352: 1177 753 1175 1300 14 78 10 19 150 1301 46 46 168 368 146 128 282 84 21 
353: 19 150 175 43 315 
354: 138 538 23 539 567 
355: 20 154 19 611 333 73 67 96 
356: 750 14 1302 1303 158 0 3 3 404 70 92 
357: 1304 1305 1306 1307 159 1206 1308 258 397 113 231 794 20 46 952 43 7 753 713 76 387 10 98 353 
358: 550 833 1315 1314 1313 1311 48 1310 159 3 1309 60 46 180 73 4 278 238 1312 96 
359: 308 1316 73 
360: 1317 1319 1318 
361: 1320 48 1162 596 46 76 181 168 167 
362: 964 150 13 13 1321 1081 48 159 159 258 3 117 215 243 8 8 69 365 119 435 
363: 1322 1323 155 1324 629 629 310 191 190 391 113 82 1050 183 40 40 543 186 4 184 188 189 380 380 14 38 38 1047 1046 1045 16 33 33 32 32 31 1048 37 37 35 35 34 1049 
364: 1034 
365: 155 155 1327 1325 748 1328 1329 969 128 128 1326 48 955 40 40 289 8 8 8 1093 73 91 90 93 39 38 38 33 33 32 32 31 31 37 37 36 35 35 34 34 19 19 354 384 
366: 21 747 1334 1331 1330 1333 1332 8 709 
367: 1 527 288 1335 554 333 393 300 181 4 69 8 
368: 150 154 1080 19 19 760 1336 1308 74 73 137 96 806 516 
369: 9 689 
370: 1337 1338 
371: 1339 76 46 1341 1342 871 1340 655 168 554 689 
372: 1340 76 1343 1343 1344 1345 
373: 19 368 1346 
374: 19 473 459 96 
375: 1347 
376: 546 
377: 1348 1348 459 1343 15 48 48 211 952 952 345 498 498 413 256 
378: 146 
379: 1349 139 152 1351 1350 3 340 128 8 175 87 
380: 115 3 842 299 
381: 1080 1353 1352 1308 160 232 
382: 193 
383: 656 1051 96 
384: 524 1355 1354 
385: 20 3 1357 1356 657 117 7 139 
386: 150 1359 1358 19 57 758 315 46 642 67 
387: 132 764 76 73 4 1360 1361 128 
388: 146 19 150 334 1145 
389: 158 1364 3 1365 1362 65 67 67 340 1363 
390: 769 1367 19 1366 345 168 4 67 278 
391: 19 1270 92 59 1368 
392: 1370 1369 
393: 590 783 46 57 382 131 70 8 
394: 1371 1372 
395: 747 46 543 1373 725 276 8 84 
396: 1052 1375 1374 153 
397: 967 155 1377 19 763 3 7 1376 1378 682 
398: 152 14 48 57 291 402 322 61 585 73 4 229 1379 176 1005 138 1380 1380 1381 1382 804 
399: 19 46 402 1383 
400: 151 151 155 706 707 660 89 113 21 21 1191 40 1388 329 123 123 38 19 19 32 31 37 35 34 46 46 416 416 353 353 1384 1385 1386 1387 33 
401: 155 603 629 629 191 191 190 190 553 627 1394 46 40 40 40 183 183 186 186 184 184 1397 1396 188 188 189 189 1393 1392 1391 1390 1390 316 316 380 380 168 100 1395 869 38 38 38 1046 1045 33 33 33 32 32 32 31 37 37 37 35 35 35 34 1389 511 
402: 21 21 23 4 1405 60 76 5 1253 1399 1398 1398 1403 1402 1401 1400 1400 1400 1406 481 481 1404 
403: 61 48 40 40 40 40 40 1409 1408 7 1407 264 38 38 38 38 38 22 19 32 32 32 32 32 31 31 31 31 31 37 37 37 37 37 1288 35 35 35 35 35 34 34 34 34 34 536 535 1410 1411 1412 1413 1414 33 33 33 33 33 285 
404: 448 15 21 19 482 333 87 0 9 1415 
405: 319 20 19 725 226 8 139 1416 
406: 10 20 19 1418 397 96 1417 
407: 13 15 889 77 130 139 
408: 1419 19 180 910 46 3 397 401 435 87 427 
409: 1421 1420 
410: 303 193 1369 
411: 1422 16 939 404 1008 916 
412: 1308 90 90 175 414 1423 92 1425 1424 48 1426 46 1428 1297 585 304 383 73 20 101 78 59 1427 1106 435 
413: 662 590 39 38 627 709 1430 33 32 31 37 36 35 34 1429 40 276 13 
414: 311 310 191 190 60 65 46 955 40 183 184 188 189 629 629 380 380 76 76 38 1436 1434 1435 1432 1433 1431 33 32 37 35 353 682 
415: 407 1437 
416: 629 629 310 191 190 1438 82 21 48 48 40 183 1443 4 184 1440 186 188 189 1442 1441 380 380 38 33 32 37 35 1439 356 293 
417: 10 123 585 21 345 46 312 76 3 3 193 866 1447 1446 382 1444 1444 67 1445 
418: 13 601 213 452 542 132 243 435 160 21 
419: 458 150 150 747 159 1308 1308 130 67 138 84 20 48 46 46 0 1449 1448 996 488 91 90 1182 1450 1451 516 
420: 65 516 
421: 150 0 67 670 407 730 3 3 3 241 1452 1453 9 297 78 
422: 155 599 21 46 405 40 407 3 340 4 4 736 736 1461 1460 1463 1462 770 73 38 14 33 32 31 37 35 34 1454 1455 1456 1457 1458 1459 
423: 25 26 1466 21 21 21 30 1 76 510 1465 1464 167 143 
424: 48 518 46 291 315 159 159 1468 1467 138 84 78 
425: 24 449 967 21 3 19 158 1470 608 543 391 130 130 1469 138 84 
426: 1472 1471 
427: 618 7 1473 131 1476 1477 1474 1475 
428: 10 10 996 1479 168 855 76 46 46 713 1308 712 307 0 3 725 520 723 459 73 1478 92 92 159 
429: 19 1064 1482 1481 1480 168 230 
430: 150 13 601 21 748 43 75 168 65 91 8 111 
431: 1419 449 7 211 
432: 1483 459 3 435 
433: 146 
434: 19 139 448 1485 1484 
435: 146 150 214 709 19 43 979 46 1486 923 21 
436: 132 1355 
437: 216 216 10 584 194 67 253 
438: 155 1309 88 259 1487 252 1489 1488 48 40 344 657 441 670 1490 76 1492 1493 1494 38 14 1491 33 32 31 37 35 34 293 
439: 26 456 414 353 1495 1496 1497 1498 512 431 
440: 9 414 1321 822 
441: 150 618 697 16 860 76 264 0 1500 730 3 3 1501 112 128 1499 622 78 
442: 1502 1503 168 1232 96 
443: 1159 21 159 159 1505 149 1254 1254 652 658 1504 1504 400 400 278 80 84 
444: 13 77 1370 1506 1507 1369 
445: 1508 448 
446: 449 211 19 334 1419 131 265 176 
447: 740 590 202 48 76 1182 193 77 61 73 1509 1511 1510 1512 
448: 976 607 15 21 1293 1515 1514 269 1513 
449: 10 14 48 76 322 132 123 8 1517 1516 
450: 14 159 334 315 3 1518 343 92 
451: 23 312 3 351 296 8 
452: 10 601 21 22 1288 180 1520 1519 1521 1522 67 370 512 
453: 693 46 46 18 954 1524 3 4 4 1523 8 382 804 256 78 
454: 1320 215 596 1308 60 1526 87 832 48 23 180 345 3 1527 4 4 4 8 365 1176 771 1351 76 384 243 1021 13 15 1525 
455: 88 136 236 138 230 21 21 1536 46 46 40 183 1528 1529 300 562 564 38 33 32 37 35 560 1367 1535 1534 1533 1532 1531 1530 1530 
456: 693 1434 14 158 57 1288 1537 3 8 171 78 
457: 578 21 21 48 46 1540 714 541 476 1539 234 274 96 284 97 1538 
458: 1226 1225 1224 111 85 1544 1542 1543 1541 40 40 183 560 562 564 38 38 14 19 32 32 31 37 37 35 35 34 33 33 
459: 1546 1545 1021 21 46 159 370 69 80 
460: 449 15 19 384 435 285 87 78 
461: 155 191 190 392 1548 67 82 256 1547 1547 1547 40 40 40 40 40 1549 183 180 186 184 325 188 189 263 262 1552 168 1551 1550 1553 1553 38 38 38 38 38 33 33 33 33 33 32 32 32 32 32 31 31 31 31 37 37 37 37 37 35 35 35 35 35 34 34 34 34 357 353 684 
462: 59 343 656 76 3 264 96 
463: 1555 1554 1556 1122 3 130 168 723 1496 
464: 38 1557 345 1559 1558 31 37 35 34 76 40 32 1560 1561 1562 1563 1564 33 
465: 1565 
466: 155 629 629 191 190 60 111 24 21 183 46 40 40 40 1568 1569 3 403 4 4 184 188 189 1566 1567 566 380 380 75 38 38 38 33 33 33 32 32 32 31 31 37 37 37 35 35 35 34 34 536 535 1573 1572 1571 1413 1414 1570 
467: 152 21 46 608 473 520 4 990 387 82 340 138 1576 1575 1574 
468: 57 76 382 176 1577 516 
469: 2 48 1582 1580 1581 75 1578 296 1579 130 340 113 488 252 8 1459 96 
470: 20 211 19 87 139 93 
471: 150 15 21 965 19 1583 761 10 98 74 1476 682 
472: 8 264 340 1584 1129 
473: 1422 
474: 1508 
475: 1302 748 397 65 87 21 46 1586 1587 1585 344 195 1235 98 241 90 92 94 846 14 849 137 
476: 155 191 190 53 1588 1589 40 40 40 183 180 184 188 189 467 467 466 466 461 460 1594 75 1591 1590 1593 1592 38 38 38 33 33 33 32 32 32 31 31 37 37 37 35 35 35 34 34 536 535 353 296 
477: 38 15 48 16 33 32 40 37 712 35 316 316 1595 183 191 1596 186 186 190 184 188 189 1597 
478: 1069 623 19 3 46 180 343 8 
479: 21 951 43 456 76 73 73 1518 1598 
480: 216 414 153 65 1601 159 1600 1336 607 799 115 76 122 46 333 1599 87 96 96 
481: 19 1602 20 448 
482: 10 23 1603 16 1605 1604 1606 390 384 498 
483: 211 61 61 138 84 21 1612 1613 1610 1611 3 5 4 4 911 128 484 1609 1608 14 860 1607 1607 1106 180 
484: 16 158 1614 1615 315 3 123 6 9 138 74 
485: 967 23 1616 1376 66 67 67 529 
486: 150 1618 1619 1619 1617 304 414 414 1480 243 394 1498 100 427 
487: 87 48 
488: 1621 1620 
489: 1622 448 
490: 1623 682 1507 1624 
491: 1626 1625 211 
492: 1250 
493: 1340 8 1588 1588 1628 1627 
494: 1630 1629 799 111 73 73 296 8 87 
495: 1631 1632 1632 1633 20 1635 730 19 334 76 115 61 123 9 1634 278 528 
496: 155 747 629 629 112 191 190 67 67 82 1636 1637 1638 1639 40 40 183 3 347 184 8 188 189 349 310 380 380 76 75 1640 38 38 1641 1046 1045 33 33 32 32 31 37 37 122 35 35 34 19 19 
497: 1645 1644 15 1643 1642 
498: 459 243 516 
499: 753 1647 1646 543 304 768 1648 76 4 178 686 
500: 472 472 1650 1650 1651 1649 759 
501: 76 264 758 61 67 67 1652 1653 
502: 842 3 115 180 340 1656 1654 1655 
503: 152 158 257 233 48 48 23 46 46 3 40 40 40 1658 1659 4 1657 1655 1358 679 1351 73 73 128 38 38 38 15 33 33 33 32 32 32 31 31 31 37 37 37 35 35 35 34 34 34 1664 1663 1662 1661 1660 
504: 1434 384 14 19 158 1106 0 3 168 1666 1667 824 1665 427 78 
505: 146 
506: 21 48 70 3 168 1669 1668 278 
507: 46 952 1288 655 1670 1671 1672 431 
508: 627 48 196 1613 132 4 1674 1675 269 1673 96 
509: 1047 14 22 312 76 3 92 
510: 601 191 190 113 1677 23 40 183 1678 184 1676 189 467 467 466 466 1592 188 10 38 33 32 37 35 1385 
511: 607 396 67 67 252 1230 399 230 1681 23 40 183 3 3 347 340 1679 8 8 1654 4 894 560 562 564 76 76 1684 38 33 32 37 35 519 1680 1683 1682 427 
512: 459 217 1075 315 393 132 180 1 113 67 87 
513: 1685 1020 1686 
514: 365 895 48 790 19 19 391 113 660 159 3 543 384 1687 1191 176 92 
515: 155 158 191 1125 1480 1197 276 276 21 22 23 46 180 40 40 40 1196 183 3 340 1690 1691 1692 188 189 184 464 467 467 466 466 463 190 1592 38 38 38 16 33 33 33 32 32 32 31 31 37 37 37 35 35 35 34 34 536 535 1689 1688 
516: 112 191 316 316 67 235 253 1697 1694 40 1696 183 180 1695 186 186 1693 184 188 189 190 76 126 128 38 15 33 32 37 35 
517: 964 38 627 40 19 32 31 35 849 34 414 33 534 533 1698 37 256 427 1699 
518: 693 13 13 59 861 99 19 245 87 84 
519: 948 949 
520: 1700 1700 1700 583 19 19 158 1074 1125 1 132 132 132 384 65 8 57 96 
521: 1701 1702 15 21 61 66 87 
522: 607 1221 60 3 532 96 
523: 1082 1703 1704 14 1706 3 19 550 1099 159 405 4 4 264 473 349 1705 
524: 1086 21 61 46 46 47 1074 195 1373 1518 296 1380 424 913 170 
525: 1710 21 21 1707 19 1709 23 1708 88 67 
526: 1713 1712 3 1711 7 
527: 76 76 365 59 345 1715 1714 19 944 23 543 96 96 46 73 73 1716 264 264 1717 370 81 923 78 
528: 1324 189 629 629 191 190 137 1720 1721 791 1719 1718 40 40 40 183 1694 186 184 188 1563 1564 380 380 163 77 38 38 38 14 1045 33 33 33 32 32 32 31 31 37 37 37 35 35 35 34 34 511 1046 
529: 153 15 15 132 1343 61 256 
530: 459 38 40 19 32 1122 1722 1723 35 34 159 37 80 31 33 
531: 364 152 106 
532: 10 607 583 3 3 1724 1725 131 382 74 1469 67 8 527 329 106 293 84 
533: 191 316 316 48 1731 1730 40 40 183 3 5 547 184 186 186 188 189 4 7 190 160 38 38 1728 1729 1726 1727 31 37 37 35 35 34 33 33 32 32 
534: 21 48 1132 1733 1732 1734 1666 128 8 87 
535: 99 627 14 1078 1305 19 19 763 1735 1737 1736 60 195 111 368 264 9 20 139 285 93 10 10 
536: 1739 1738 38 38 339 40 40 560 560 32 32 562 562 564 564 35 35 1741 183 183 37 37 243 1740 33 33 1742 1743 
537: 155 159 196 132 112 46 40 345 3 427 76 123 384 1745 1745 1068 38 33 32 31 37 35 34 1748 413 1744 1744 73 1746 1747 
538: 1750 1173 1749 1194 
539: 155 1758 159 189 1592 191 190 60 21 40 40 289 183 1526 184 6 1757 8 8 1755 1754 1753 1752 1751 146 146 1759 467 467 466 466 384 1756 188 38 38 33 33 32 32 31 37 37 35 35 34 427 
540: 448 19 19 954 0 7 1760 96 
541: 1321 1093 19 76 1762 401 67 128 1763 1761 
542: 150 13 21 46 451 656 258 1764 96 
543: 739 1766 1767 1765 
544: 24 15 21 21 543 19 334 265 1768 253 3 158 46 46 391 4 368 343 1526 96 230 355 851 
545: 216 851 1364 1769 299 80 138 1770 
546: 1086 13 1771 693 1773 1772 264 875 61 4 4 243 243 394 8 96 
547: 19 196 
548: 128 1774 759 834 394 
549: 1775 693 1777 1776 59 0 19 76 3 527 299 103 365 96 
550: 1700 833 214 20 1780 23 46 736 1779 1778 289 76 137 126 264 627 1400 340 
551: 1781 87 
552: 747 1782 1783 1200 40 276 46 1197 1196 4 7 1206 76 128 38 33 32 31 37 35 34 511 
553: 1340 19 3 1784 6 
554: 449 893 1250 
555: 982 982 
556: 10 76 152 16 382 1182 1785 712 524 0 3 130 126 80 
557: 1788 1086 1324 1324 1789 197 191 190 1786 1787 21 46 46 180 40 183 3 186 186 184 188 189 1793 1793 1792 1792 1791 1791 1790 1790 1794 73 784 38 33 32 37 35 438 511 
558: 128 76 76 888 401 970 
559: 1795 
560: 19 9 449 99 368 
561: 298 19 1 0 3 46 111 368 725 92 
562: 19 139 196 20 448 
563: 1320 1302 264 1796 1 76 3 3 5 4 736 915 343 365 516 
564: 319 1798 1799 21 21 48 1272 1797 50 117 725 73 168 14 
565: 155 61 131 69 976 40 180 1695 4 4 8 96 1806 670 76 1804 59 480 868 1805 38 1803 1802 1801 1800 33 32 31 37 35 34 19 1100 
566: 1807 1810 334 699 1809 1808 76 3 340 243 8 822 
567: 1069 150 122 21 46 1184 1668 1182 3 60 1525 180 168 137 488 70 128 73 801 96 1811 
568: 1814 1815 1816 1817 14 1812 1813 695 593 73 73 
569: 150 512 142 22 48 96 1282 1818 1819 76 3 5 139 497 84 583 
570: 1821 1820 
571: 19 216 607 111 213 
572: 167 760 1823 1822 73 488 128 435 
573: 629 629 310 191 190 177 1825 399 255 21 834 40 183 4 184 188 189 465 380 380 261 10 38 1431 19 1824 1826 37 35 33 32 370 
574: 697 1827 617 168 73 1030 167 1828 
575: 1832 1830 1831 1829 21 23 26 1028 476 477 82 
576: 1833 13 794 693 19 19 1 1018 65 1687 67 8 
577: 150 1836 1837 1834 1835 46 488 979 3 4 14 1292 96 
578: 235 1 1838 1839 954 656 0 0 3 939 545 8 8 365 1753 585 670 76 384 1599 96 15 19 355 820 
579: 459 13 19 1 3 87 
580: 1619 334 1841 1840 98 76 939 238 1496 80 
581: 150 742 14 23 46 1842 3 1844 99 76 1298 9 80 92 1843 171 
582: 21 303 1846 1845 3 109 812 1369 14 
583: 1848 48 19 1204 1847 969 245 3 73 296 8 435 822 
584: 1849 5 14 61 1850 767 406 76 73 73 4 297 92 518 1380 481 96 
585: 693 1608 1851 1074 23 1308 1 76 3 3 264 8 93 365 1261 
586: 216 1789 159 40 112 84 21 48 1852 1853 1854 1855 1856 8 76 382 96 38 98 33 32 31 37 35 34 
587: 407 1857 
588: 706 707 1858 693 21 46 40 289 3 7 7 9 628 1859 71 38 15 33 32 31 37 1064 35 34 
589: 1211 1221 76 799 1861 1860 3 456 243 67 
590: 8 7 
591: 19 368 
592: 607 15 15 14 14 747 747 19 19 853 60 1364 516 
593: 21 19 149 3 1862 1687 
594: 19 1544 111 49 
595: 89 1868 23 43 40 183 365 349 560 562 564 76 76 1863 1865 1864 1867 1866 90 90 38 33 32 37 35 19 438 358 
596: 1871 1876 1877 1874 1875 1872 1873 1870 67 1878 47 40 183 655 1019 560 562 564 1869 38 1020 33 32 37 35 376 
597: 532 
598: 10 1346 15 21 1701 96 46 1172 1070 1882 131 73 1881 14 1879 1598 84 1880 
599: 48 23 46 46 76 123 1886 296 176 1885 1884 1883 84 
600: 9 48 288 730 99 543 180 180 130 241 4 351 1888 1887 
601: 13 20 679 48 19 19 761 77 762 139 
602: 520 
603: 91 150 365 21 1889 46 46 1125 19 19 1476 65 1531 494 8 493 503 4 
604: 46 8 319 1578 7 
605: 150 1343 67 1890 1891 1892 1893 21 40 345 449 98 243 264 868 13 38 1800 33 32 31 37 35 34 
606: 10 593 585 67 955 296 131 168 488 1251 1894 1895 
607: 1609 13 138 213 1145 19 131 473 3 1896 96 21 
608: 601 14 132 889 456 76 4 475 85 
609: 564 38 678 37 345 195 525 676 677 562 35 314 560 46 402 32 40 1897 183 539 33 
610: 155 570 60 1898 252 491 21 22 1778 40 40 3 4 8 73 90 38 38 33 33 32 32 31 31 30 37 37 35 35 34 34 536 535 397 1746 1747 57 
611: 964 77 13 21 19 407 3 3 527 1899 1116 1119 139 256 822 
612: 9 833 833 
613: 1086 629 629 310 191 190 130 1902 1903 1900 1901 21 21 834 46 40 183 3 4 184 366 188 189 1297 380 380 76 128 96 38 1431 19 32 1826 37 35 1825 1451 33 
614: 1906 1904 1905 725 
615: 1700 10 20 670 527 1907 139 139 
616: 55 
617: 10 15 19 643 982 982 264 3 518 117 65 1908 67 
618: 38 763 33 32 31 37 35 34 186 40 1909 1909 1911 1910 168 1912 1913 
619: 15 3 122 333 117 296 296 8 8 139 1915 1914 1916 
620: 214 750 15 21 48 76 46 22 1099 233 725 1919 1918 3 808 384 67 73 92 1917 14 
621: 553 1920 1921 1922 1923 235 24 21 23 3 4 343 304 76 264 248 10 15 16 860 61 1106 1107 
622: 13 13 145 20 20 213 1093 46 76 30 128 117 1924 1924 1925 1926 264 9 19 1368 96 
623: 214 155 131 131 1927 1928 84 48 1778 40 401 168 39 38 33 32 31 37 36 35 34 644 296 
624: 214 767 61 1929 235 123 40 183 4 342 560 562 564 1932 1931 1930 96 964 10 38 33 32 37 35 417 
625: 1933 21 10 46 18 67 289 1009 3 655 652 1936 1889 1934 1937 80 92 1935 14 
626: 55 
627: 214 594 48 19 1870 4 368 1939 1938 1147 
628: 1942 1943 1940 1941 1944 123 168 126 
629: 76 76 1021 23 128 67 1946 333 1945 289 98 288 113 112 296 488 287 170 
630: 216 150 155 135 176 87 1948 1949 21 1947 40 345 3 3 3 734 1693 755 26 168 1950 243 38 15 16 33 32 31 37 35 34 1418 1951 435 1381 
631: 150 138 384 19 46 46 46 46 46 197 197 955 955 3 10 76 122 122 347 73 73 1687 475 8 96 159 159 863 78 
632: 48 451 4 3 477 1952 825 402 96 
633: 150 1953 370 46 21 765 60 244 3 3 89 257 243 67 296 8 655 1459 1035 
634: 585 19 763 57 310 1194 1954 137 175 
635: 111 3 3 384 427 6 
636: 459 459 152 852 312 3 4 435 477 
637: 1 459 3 96 747 
638: 579 48 1960 3 1961 1955 76 1957 1956 548 1959 1958 
639: 216 662 274 139 87 856 20 21 1964 1965 1966 1962 1963 1 3 3 8 1176 99 76 128 93 15 19 46 46 
640: 1321 59 1967 3 3 333 1 98 117 130 353 1495 1403 8 431 
641: 10 1968 1969 764 1970 168 1971 67 1902 
642: 750 46 1973 1972 76 134 78 
643: 11 146 1624 159 1975 1974 315 424 816 
644: 132 3 96 1346 1918 
645: 20 19 1976 689 285 1654 
646: 10 1977 1979 0 19 1182 1978 670 3 158 345 117 725 264 177 1419 80 92 16 
647: 216 833 750 1980 98 132 73 252 252 238 230 
648: 584 21 1782 1206 3 111 82 167 78 
649: 138 1981 
650: 150 3 196 16 8 
651: 1982 137 78 
652: 43 115 473 3 642 168 655 1297 84 
653: 1983 158 132 3 113 334 9 806 221 
654: 740 150 217 158 256 84 255 1106 1984 1985 48 0 3 3 4 508 509 8 349 934 860 414 18 
655: 150 152 83 46 3 3 7 299 8 80 236 
656: 1986 1987 20 19 57 76 76 439 9 759 
657: 10 14 834 76 19 18 955 1988 0 131 343 248 
658: 117 154 1989 
659: 790 19 19 667 3 3 1899 7 176 100 
660: 1991 1990 159 15 14 0 19 158 759 23 1779 46 3 3 238 1244 7 6 6 622 334 21 
661: 542 345 686 4 1367 
662: 1321 312 456 60 391 84 20 21 21 791 3 1018 554 145 145 145 76 73 1994 1993 1992 1995 14 1997 1996 414 
663: 1353 2000 76 15 21 61 1999 1998 16 211 662 1419 1419 3 2001 
664: 155 43 130 257 2002 48 3 40 1736 526 9 583 351 99 915 243 264 128 38 33 32 31 37 35 34 414 2003 2006 2004 2005 293 
665: 13 21 98 77 77 76 73 2007 7 175 
666: 855 92 802 14 22 61 46 955 969 2009 76 76 3 3 124 125 125 627 475 73 2008 686 427 96 96 
667: 19 196 111 
668: 48 1619 46 429 76 74 168 1033 2010 
669: 155 629 629 191 190 60 61 82 236 183 46 40 40 0 3 520 184 2015 2014 188 189 2011 2013 2012 990 1239 99 126 126 90 380 380 38 38 59 33 33 32 32 31 37 37 35 35 34 414 414 1451 
670: 459 59 1813 46 122 414 3 655 278 2017 2016 96 
671: 717 2020 46 3 1457 2019 2018 176 513 138 78 
672: 473 3 65 2021 
673: 2022 
674: 2023 
675: 1703 
676: 1725 1459 
677: 693 750 21 57 2024 3 3 130 725 515 255 
678: 276 
679: 2025 2026 449 
680: 449 19 1205 334 349 130 159 2027 397 1451 368 67 80 87 87 
681: 697 0 53 344 345 3 3 477 67 1760 
682: 1250 
683: 1023 76 159 23 46 397 7 168 1508 2028 2029 
684: 1789 20 1452 19 46 18 414 98 3 2031 2030 245 
685: 465 833 384 48 98 19 4 543 2035 2034 2034 2033 2032 264 90 822 
686: 1021 1021 475 2036 3 3 3 67 175 349 349 349 
687: 252 19 786 822 
688: 87 1982 1543 48 40 40 40 40 40 2037 7 1563 1564 2038 449 264 1542 13 38 38 38 38 38 1046 1045 19 32 32 32 32 32 31 31 31 31 31 37 37 37 37 37 35 35 35 35 35 34 34 34 34 34 33 33 33 33 33 1746 1747 
689: 550 2039 
690: 19 459 302 20 57 
691: 2040 117 65 153 2023 
692: 459 152 20 20 697 2041 168 595 92 376 
693: 1235 794 126 19 452 475 46 3 243 343 69 687 171 
694: 37 37 191 190 53 67 34 85 20 40 40 183 186 186 184 5 188 189 38 38 2046 2046 2047 2047 2044 2045 2042 2042 2043 33 33 32 32 31 942 942 35 35 2049 414 2048 1746 1747 65 
695: 2051 2050 2053 101 14 48 48 2009 159 453 87 1106 76 1633 532 264 90 115 138 2052 94 2054 
696: 2055 
697: 1177 15 21 48 61 19 451 2056 1346 158 98 258 2057 397 18 9 8 
698: 76 15 15 15 48 783 46 2058 77 2059 117 1521 177 177 92 
699: 2060 132 1182 243 
700: 10 38 15 14 1325 33 32 31 37 566 34 35 1326 40 424 
701: 21 19 2061 3 394 738 92 
702: 1087 996 155 46 32 1328 30 37 35 34 76 3 38 40 126 31 2062 2063 2064 424 33 
703: 77 75 
704: 8 2065 406 
705: 67 10 748 1693 21 345 46 334 343 177 76 76 397 73 238 4 70 511 129 753 2066 745 
706: 2068 607 747 46 46 1965 76 122 122 60 19 19 3 3 353 113 2017 2067 
707: 458 627 709 709 450 391 113 67 252 84 21 48 46 46 3 417 8 8 2071 2070 424 997 145 97 96 14 1996 2069 1457 806 
708: 19 2072 26 2073 1202 
709: 9 3 2074 
710: 740 38 1230 40 560 613 562 670 43 35 183 274 37 243 32 8 2077 564 2076 2075 33 
711: 532 
712: 1162 191 190 48 40 183 2079 2078 4 184 188 189 467 467 466 466 1137 1592 38 33 32 2080 37 35 292 
713: 146 146 10 76 2082 345 465 2081 456 414 46 258 1468 1498 
714: 2084 2083 48 508 
715: 20 1162 19 2086 416 2085 1298 73 4 475 15 
716: 60 607 15 21 48 19 19 488 2087 59 1 132 122 130 137 351 46 168 139 292 269 269 2088 
717: 19 117 3 333 7 
718: 76 801 1810 834 126 
719: 150 709 1305 1122 258 2091 2090 2093 2092 252 84 21 48 46 1736 1332 98 462 97 96 2089 2089 15 76 
720: 2094 
721: 8 139 73 608 
722: 21 48 76 19 2095 61 2097 2096 2098 
723: 19 61 1364 1939 2100 2099 2101 
724: 19 449 368 1346 
725: 159 69 435 1346 
726: 48 128 46 4 76 76 645 125 2102 2103 1688 2106 2105 2104 
727: 753 13 20 48 875 713 2108 5 4 508 509 2107 
728: 11 1624 2109 1255 168 7 82 
729: 1211 1625 747 19 1357 1265 3 111 2110 92 1528 
730: 55 
731: 155 137 48 536 40 40 2118 1409 2111 2111 2112 2113 2114 2115 427 2117 481 481 78 38 38 19 32 32 31 31 37 37 35 35 34 34 414 33 33 535 2116 18 1410 
732: 2120 26 794 20 213 340 334 2119 117 1924 4 1117 177 168 80 1950 
733: 15 14 14 48 312 1048 113 3 73 402 243 70 825 1047 1380 95 
734: 19 1694 368 84 16 
735: 2121 167 196 528 
736: 2123 2122 20 2124 48 46 1260 670 128 168 531 67 1911 2125 1172 
737: 1320 21 2127 2126 46 2128 596 954 19 3 6 
738: 216 26 20 21 48 211 19 18 139 593 543 391 7 93 93 87 
739: 76 836 345 2130 19 2129 2129 2131 2088 98 98 98 149 1447 132 132 159 241 2132 84 
740: 283 111 2133 770 
741: 46 860 319 126 7 
742: 138 10 2134 2135 15 15 842 16 46 46 46 46 122 1126 3 3 347 4 296 279 92 87 79 
743: 2136 46 1965 969 1070 414 3 3 7 6 176 
744: 2137 15 48 206 19 18 75 10 1371 3 2138 368 8 497 96 
745: 115 46 8 954 394 
746: 1234 1806 76 2140 59 59 132 19 19 264 112 2139 730 3 548 343 299 8 139 170 503 96 
747: 587 21 566 75 2142 2141 
748: 392 106 57 1075 61 131 498 94 519 76 76 3 2144 2143 65 67 296 1015 231 1528 87 
749: 155 67 27 40 340 2151 2152 2150 365 4 1177 73 38 33 32 31 37 35 34 2147 2146 2145 2149 2149 2148 2148 
750: 19 19 1 46 60 
751: 750 791 1302 65 82 14 
752: 1337 
753: 21 211 67 131 123 384 644 1687 2153 914 111 101 8 
754: 2157 15 21 21 21 132 300 2156 75 87 2154 61 405 89 89 2155 128 424 493 493 
755: 150 3 2158 2159 
756: 13 14 159 498 278 83 2161 2161 2160 2160 21 
757: 150 319 271 26 1831 23 1 345 3 2 403 1358 679 713 76 481 860 1602 1367 299 296 2164 512 2163 2162 2162 
758: 2165 1250 
759: 46 67 300 0 168 168 2168 2005 2167 2166 
760: 1353 10 449 15 19 19 19 955 131 293 1 1 1 0 0 3 46 384 915 8 435 87 84 78 
761: 155 763 69 959 699 40 1736 2170 750 76 73 96 38 33 32 31 37 35 34 2169 1005 686 
762: 1106 2100 14 1023 23 455 248 115 3 2171 73 4 296 92 293 
763: 117 21 48 40 2172 2173 2176 402 2174 2175 8 2177 146 73 38 33 18 31 37 35 34 32 
764: 146 46 212 1433 19 
765: 312 76 40 3 527 403 9 2178 658 868 304 98 382 10 38 1800 33 32 31 37 35 34 299 
766: 497 152 20 48 669 23 1343 1580 2179 21 479 76 4 392 493 1380 481 481 804 
767: 99 216 19 67 
768: 214 158 65 1526 84 3 939 4 7 1523 9 424 753 2183 76 2181 2180 73 2186 2185 2184 91 1703 2182 849 
769: 1106 20 48 384 19 334 1336 1267 820 245 0 3 2187 243 488 168 2189 2188 1459 84 
770: 245 23 20 1280 657 1010 952 21 98 2190 2191 2192 2193 353 368 1379 1380 600 
771: 459 152 22 48 1282 57 2194 2195 8 427 239 
772: 10 767 21 499 
773: 825 3 725 96 
774: 128 279 618 
775: 216 833 13 215 1618 46 46 334 176 26 2198 247 74 73 4 2196 2197 296 8 8 8 160 
776: 2200 115 13 20 14 2201 46 2081 242 245 19 8 8 128 2199 2199 139 832 87 84 84 85 
777: 568 2202 893 709 1942 180 113 911 
778: 459 1210 2203 2204 21 1023 10 1580 1 98 3 168 168 168 76 67 128 128 542 2205 
779: 996 19 1187 1602 574 55 
780: 1 459 3 
781: 76 20 2206 2207 2208 763 1346 1371 19 111 
782: 67 76 20 990 16 861 334 264 747 98 59 3 725 8 8 343 2209 15 80 1105 84 84 96 
783: 216 2210 57 542 76 168 340 92 1748 
784: 786 21 2211 65 9 87 
785: 2213 2212 554 736 1961 60 3 2156 1899 18 2198 8 1451 
786: 10 14 46 1182 748 347 351 80 365 483 
787: 542 83 364 627 132 
788: 9 689 
789: 0 2101 1905 2215 2214 
790: 76 76 2218 2217 2216 23 1964 955 2219 856 61 21 288 131 46 7 19 19 8 278 1013 
791: 8 583 2220 2221 
792: 1984 211 1 296 3 3 499 128 279 435 
793: 459 152 391 67 67 139 2098 20 46 952 2222 656 543 3 2 8 679 76 91 655 93 1608 19 299 
794: 2223 150 3 180 149 
795: 146 10 13 21 22 46 46 322 19 75 1521 126 126 252 435 84 
796: 2226 629 629 191 190 130 399 21 46 46 2227 2224 2225 43 40 183 5 184 1523 188 189 380 380 76 122 484 38 15 14 1825 32 1826 37 35 33 1578 1530 
797: 309 1544 1341 76 1452 82 
798: 319 893 48 2228 2229 46 2230 2233 2232 2235 2234 2237 2236 2231 1842 
799: 2239 2238 38 19 32 31 37 35 34 33 3 534 533 40 1452 1654 
800: 38 19 1670 31 37 35 34 33 534 340 40 32 533 2240 2241 816 
801: 155 189 191 190 137 53 67 84 170 520 4 40 40 40 183 183 3 2248 2249 184 2244 2245 2246 2247 2242 2242 2242 2243 560 562 564 99 123 128 188 2046 2046 38 38 38 33 33 33 32 32 32 31 37 37 37 35 35 35 34 1532 2253 2252 2251 2251 2250 
802: 10 391 21 593 
803: 196 448 
804: 15 76 19 1329 748 2255 2254 
805: 56 1394 448 
806: 150 59 21 23 19 333 2257 2259 2258 128 2256 
807: 19 20 
808: 339 197 1308 60 61 67 139 87 20 48 46 730 3 402 2262 2263 2260 2261 2011 566 15 14 1048 296 
809: 3 137 278 176 2266 2264 2265 
810: 990 23 196 3 725 67 100 87 154 
811: 590 21 61 2268 340 2267 
812: 15 16 
813: 301 303 
814: 2274 15 2270 2273 783 46 46 47 982 982 2272 1734 1786 245 61 2269 2271 113 554 90 96 
815: 2275 2277 2276 21 61 47 325 473 1457 65 400 128 399 4 
816: 37 2279 38 14 40 33 32 467 467 466 466 1182 2278 35 190 183 191 65 184 1592 188 189 
817: 459 607 152 15 47 6 969 3 1121 8 269 13 427 
818: 1094 10 2280 1973 954 3 2113 
819: 19 139 20 93 
820: 629 629 310 191 190 82 48 40 183 1443 4 184 186 188 189 1442 1441 380 380 38 33 32 37 35 356 
821: 38 38 2284 1489 33 33 2281 2282 2283 37 37 35 35 34 34 1490 3 40 40 32 32 175 31 31 
822: 216 459 132 159 2025 2026 8 349 
823: 15 21 21 19 2285 2286 608 117 82 2204 2204 84 600 
824: 2288 2289 153 152 2132 21 852 19 2290 353 2287 131 73 2142 8 168 477 87 96 
825: 159 111 968 
826: 132 2291 2292 
827: 20 154 2293 451 1658 1687 106 21 
828: 19 449 7 
829: 569 19 333 195 46 402 
830: 152 14 2295 2294 76 1690 8 1939 85 
831: 451 
832: 753 2300 2299 2298 14 14 473 1082 860 2297 122 43 1099 288 3 3 750 2296 4 276 1523 21 
833: 10 59 309 19 19 2301 0 299 96 
834: 214 9 709 709 76 73 2303 2302 61 43 345 137 653 413 128 370 1939 1380 21 
835: 449 448 211 19 1419 7 
836: 212 211 
837: 38 59 40 33 32 31 707 37 1070 34 414 35 278 8 706 
838: 1507 193 
839: 46 158 670 1 1419 3 3 264 84 1035 
840: 22 1121 2304 76 73 73 276 128 1939 1380 481 804 
841: 150 131 2310 2309 2308 1155 2305 2307 2306 1 183 3 2031 560 564 562 670 38 40 19 19 32 37 35 46 725 33 
842: 2312 2313 2311 
843: 98 19 48 596 46 334 2314 2315 6 2316 76 3 3 238 427 67 279 816 96 
844: 1023 14 2318 98 98 2317 2319 662 76 76 2108 4 4 48 48 292 97 65 
845: 2321 2320 19 955 130 488 292 1510 97 
846: 2323 2322 13 719 2325 2324 554 76 241 392 
847: 10 20 2326 168 414 3 340 340 2271 90 96 
848: 1021 21 2328 15 3 2006 1687 2327 427 
849: 139 19 20 98 46 355 99 543 391 475 93 93 236 233 
850: 126 1122 3 438 253 80 2329 2074 
851: 155 1308 456 1202 67 601 87 87 2323 21 40 871 302 302 302 2333 2330 2330 2330 2331 2332 38 2334 2335 33 32 31 37 35 34 435 
852: 19 834 2336 
853: 459 1225 1224 1226 111 345 40 40 183 655 7 560 562 564 38 38 2337 19 19 32 32 31 37 37 35 35 34 2338 33 33 
854: 73 154 96 
855: 150 13 21 158 43 3 3 
856: 747 37 191 190 35 2341 2340 2343 2342 40 183 186 186 184 188 189 2046 2046 2047 2047 38 33 2339 942 942 1288 53 32 
857: 155 196 65 2345 2344 2347 2346 40 4 309 300 76 38 1046 1045 33 32 31 37 35 34 296 
858: 146 
859: 2118 1051 224 697 
860: 191 190 1588 1588 2349 2348 40 183 1254 184 188 189 448 448 467 467 466 466 1592 38 33 32 37 35 518 2350 512 
861: 1479 59 14 19 19 1940 3 368 2352 2353 2351 759 21 
862: 2191 176 34 34 257 46 40 40 3 655 285 1657 775 775 304 76 382 384 90 38 38 19 32 32 31 31 37 37 35 35 349 33 33 2356 2354 2355 
863: 16 19 1182 799 524 345 2358 2359 914 297 916 2357 
864: 1021 46 60 518 724 354 264 8 8 2360 
865: 38 40 19 32 562 564 35 560 183 111 37 368 2364 2363 2362 2361 33 
866: 753 414 76 15 48 132 46 440 1 1370 131 137 176 235 2365 1517 111 78 
867: 48 48 1580 76 1255 168 168 2366 128 73 92 491 2367 
868: 19 115 1155 1155 384 2368 1381 
869: 70 67 69 87 87 1984 23 4 2369 618 1093 76 74 264 128 93 92 786 1430 16 476 477 2370 
870: 155 1082 159 763 391 849 67 833 46 2329 40 543 4 8 548 2375 264 264 483 481 38 14 33 32 31 37 35 34 518 724 2374 1385 2376 2377 2371 2372 2373 
871: 1 1781 3 2378 67 
872: 67 13 2132 21 1023 23 18 1074 1048 1973 2380 117 2379 860 296 101 
873: 2381 
874: 65 1 1 543 3 3 1936 475 370 370 139 139 87 935 170 
875: 211 158 498 84 794 20 40 1 3 3 424 424 424 1154 1154 98 38 16 33 32 31 37 35 34 689 825 418 419 376 
876: 2383 459 152 850 126 10 1154 131 656 3 2382 1486 243 278 601 180 753 349 84 21 
877: 146 1320 15 7 23 19 19 1262 99 46 46 724 109 2384 2384 368 9 139 518 
878: 177 296 2385 2386 
879: 21 128 46 312 185 310 245 2094 3 2030 9 9 510 87 
880: 656 298 10 2388 131 43 1 76 3 274 2387 2140 297 269 686 293 96 96 
881: 2389 
882: 19 27 546 21 49 
883: 543 747 747 19 19 18 67 1201 243 98 168 2393 2390 2391 2392 
884: 21 345 763 2396 2397 2394 2395 2400 2398 2399 
885: 37 38 40 560 32 562 564 2404 35 183 3 2405 2402 2403 2401 168 33 427 
886: 1053 15 19 53 2406 61 1944 
887: 818 18 1850 2407 
888: 2408 
889: 98 93 211 
890: 138 196 679 48 19 761 128 167 435 2409 
891: 309 595 558 22 861 1612 2410 73 276 
892: 2239 584 48 46 2411 300 2413 2412 4 401 2414 
893: 881 881 155 940 310 331 190 332 53 82 40 40 183 3 520 184 186 186 188 189 7 191 38 38 19 32 32 31 37 37 35 35 34 33 33 2415 2417 2416 2419 2418 
894: 334 191 190 113 40 183 184 188 189 467 467 2423 2420 2420 2421 2422 466 466 2424 1592 38 33 32 37 35 720 
895: 2428 23 211 2425 2425 2426 2427 1419 111 65 100 
896: 606 159 2432 2431 453 138 87 832 48 23 46 2433 4 2429 2429 2430 583 1310 1132 73 1385 92 92 14 1067 721 921 
897: 128 132 92 2434 1093 
898: 450 
899: 2435 
900: 150 13 16 45 670 730 3 7 9 8 
901: 2438 2437 2436 2094 2094 131 84 40 8 1258 1230 1308 302 76 240 94 38 98 33 32 31 37 35 34 534 533 720 
902: 2442 1129 2440 2441 48 23 13 76 87 2439 
903: 216 2443 2443 996 1425 2444 19 46 131 390 73 70 548 687 
904: 211 312 132 65 67 1895 138 87 3 288 1694 1693 2246 2445 245 384 128 93 224 10 473 297 
905: 59 59 2447 48 76 19 19 23 300 465 168 1889 6 2446 93 92 483 682 
906: 10 1021 16 46 46 2448 258 322 98 3 138 159 78 
907: 48 19 19 2449 2449 662 333 0 725 725 296 682 
908: 20 453 2450 764 414 264 138 
909: 19 111 368 
910: 19 2451 355 168 1451 9 255 
911: 155 2455 2454 2456 2453 2452 67 851 46 1734 40 1117 488 164 165 38 33 32 31 37 35 34 
912: 213 335 76 340 7 684 8 168 
913: 2457 368 
914: 13 
915: 154 159 3 384 6 1115 435 539 96 
916: 761 534 33 1187 1733 699 37 35 615 407 543 3 38 168 168 40 276 32 533 34 425 31 
917: 459 214 214 2459 2458 132 130 397 65 230 254 170 21 21 340 915 8 329 425 202 2460 1092 76 128 106 
918: 8 340 21 755 2461 
919: 768 543 2462 23 43 76 117 241 682 
920: 568 1176 76 435 15 15 14 14 48 345 46 46 2463 77 159 159 518 2 4 243 243 717 83 83 138 
921: 902 2464 2466 20 2465 46 159 1047 
922: 449 2467 155 14 19 76 76 168 352 368 67 128 
923: 19 2468 3 126 394 278 69 
924: 20 2469 7 1183 
925: 67 96 2470 211 
926: 748 48 2471 19 19 61 3 1495 69 278 279 402 
927: 2205 2473 583 1282 19 21 542 76 46 384 168 686 2472 
928: 138 132 1694 196 2474 
929: 10 13 13 14 19 264 252 252 230 
930: 964 10 2475 48 1081 1129 717 312 785 18 98 3 3 402 243 67 2476 753 87 1034 21 
931: 2477 1211 1 345 3 3 390 384 92 152 1034 
932: 596 2479 2478 63 20 21 48 23 2484 2482 2483 2480 2481 1525 4 1441 2017 76 123 73 73 481 481 96 
933: 407 656 96 
934: 15 2485 1364 799 1 3 130 2132 96 
935: 20 1093 2486 334 384 2487 128 491 
936: 1588 20 2488 2489 2491 334 76 2490 
937: 1316 2492 243 
938: 1129 748 554 1342 257 693 1777 46 43 1298 1299 4 4 368 8 285 76 96 1280 2493 2495 2494 2496 
939: 91 2498 38 40 33 18 759 1602 35 2497 34 132 385 32 9 8 2499 31 37 
940: 590 593 15 143 719 345 23 21 2138 76 76 130 238 481 736 649 2504 2503 2502 2501 2500 
941: 1364 152 15 2506 46 459 1733 488 416 91 3 2507 122 8 252 252 2111 2505 497 230 96 
942: 191 608 333 190 40 183 186 186 4 2509 2508 9 188 189 583 300 316 316 38 33 32 2081 37 35 184 2510 
943: 139 689 
944: 590 2517 1162 855 46 46 343 2515 1903 168 4 67 2514 8 2516 138 2511 2512 2513 
945: 459 152 189 191 1309 88 67 252 2520 22 40 183 180 181 4 184 188 365 145 467 467 466 466 190 73 1592 38 33 32 37 35 2518 2519 
946: 55 
947: 201 2521 2522 1781 117 4 394 128 
948: 959 459 21 2523 846 132 3 340 65 67 128 8 255 
949: 568 2524 593 2526 142 2525 19 67 2527 3 168 70 166 1259 
950: 1 723 0 19 2529 2528 1180 130 130 60 60 132 3 3 3 725 1924 4 4 88 70 92 2027 481 1034 96 
951: 216 299 
952: 976 2531 20 21 19 1343 1970 384 9 2530 497 
953: 146 
954: 150 0 48 345 19 158 736 130 1595 98 3 655 65 264 9 8 84 682 
955: 964 10 65 21 48 1080 748 115 19 3 1695 4 2141 112 2532 2533 1879 2534 8 
956: 196 15 16 
957: 10 627 990 23 46 256 43 43 414 657 243 289 370 170 2536 2535 
958: 319 1340 264 191 190 61 1899 46 952 40 183 3 3 655 184 188 189 1672 7 467 467 466 466 1592 38 15 19 19 32 37 35 33 2538 2537 
959: 754 
960: 507 2050 2541 2540 48 40 180 4 8 147 2542 148 2164 128 38 33 32 31 37 35 34 2539 370 2063 
961: 2543 2546 686 21 2545 2544 19 19 61 1007 177 76 3 340 370 9 296 399 1479 255 
962: 2547 193 
963: 176 382 2548 759 2549 
964: 2550 693 2552 990 2551 19 19 57 57 60 0 168 394 9 926 
965: 568 2553 2554 19 65 20 365 223 4 
966: 19 139 196 20 7 
967: 2555 2556 2557 2558 2559 724 4 
968: 153 38 38 973 527 23 33 33 32 32 31 31 872 35 35 34 34 74 73 37 37 296 533 40 40 257 534 972 
969: 1191 49 2561 2560 703 76 76 46 73 67 195 1989 254 
970: 1211 2563 1048 1099 76 3 3 3 168 247 2562 170 
971: 397 2564 
972: 19 1370 2365 368 
973: 794 592 697 1214 23 16 16 1962 76 3 123 340 1116 69 
974: 590 15 76 76 46 16 2565 656 9 272 89 340 510 91 8 1000 
975: 150 448 19 1070 168 687 96 516 
976: 46 150 214 159 6 
977: 55 304 2566 
978: 2569 2568 759 2567 4 91 282 
979: 740 159 131 65 69 175 230 46 46 955 3 3 655 933 348 1235 679 76 76 481 14 2570 2571 519 475 290 291 
980: 1234 14 2574 2575 2572 2573 403 67 96 87 21 
981: 19 196 
982: 10 16 2576 18 3 168 7 2577 
983: 67 67 21 48 48 48 40 7 736 2584 2583 2582 2581 2581 2580 2175 2174 73 100 163 38 2578 2579 33 32 31 37 35 34 1451 168 
984: 2165 87 
985: 21 143 670 1809 3 4 128 916 822 
986: 2023 
987: 2587 2586 2585 1020 48 3 
988: 146 1210 15 600 2589 2588 73 4 1381 
989: 2590 2591 1324 1324 312 191 190 1394 40 183 3 186 184 2244 1395 189 7 168 188 38 33 32 37 35 357 
990: 856 15 48 48 2592 19 1381 76 46 7 6 1516 14 376 
991: 19 448 109 7 16 
992: 2594 10 21 2593 19 60 368 
993: 2595 2596 2597 155 748 196 2598 768 131 130 65 152 819 40 40 543 349 670 2599 2599 390 38 38 33 33 32 32 31 31 37 37 35 35 34 34 1242 860 922 
994: 38 2600 21 2602 2603 560 32 562 564 122 35 183 3 37 40 33 2601 
995: 77 13 7 
996: 2604 150 21 1608 1064 289 3 3 384 342 112 96 96 14 
997: 150 2605 1336 3 1379 291 
998: 2606 448 59 19 56 76 278 8 8 1381 1404 
999: 689 1753 990 16 
1000: 77 13 
